edges: {25%: 379.75, 50%: 436.0, 75%: 545.0, count: 1200.0, max: 3497.0, mean: 512.1058333333333,
  min: 329.0, std: 266.4579663646248}
nodes: {25%: 360.0, 50%: 413.0, 75%: 520.25, count: 1200.0, max: 3498.0, mean: 487.5325,
  min: 325.0, std: 255.1958817434147}
