elapsed: 33.939106464385986
evaluating: 0.07859683036804199
loading: 1.8477106094360352
predicting: 0.06527018547058105
training: 5.866366863250732
