elapsed: 16.07802724838257
evaluating: 0.0939791202545166
loading: 1.8477106094360352
predicting: 0.17763090133666992
training: 13.866207122802734
