elapsed: 84.3608410358429
evaluating: 0.07550454139709473
loading: 1.8477106094360352
predicting: 0.060811519622802734
training: 8.32513952255249
