elapsed: 27.915147066116333
evaluating: 0.09551310539245605
loading: 1.8477106094360352
predicting: 0.08057904243469238
training: 5.6635425090789795
