elapsed: 50.25641846656799
evaluating: 0.07920455932617188
loading: 1.8477106094360352
predicting: 0.07729744911193848
training: 5.729335308074951
