elapsed: 22.059682369232178
evaluating: 0.08891534805297852
loading: 1.8477106094360352
predicting: 0.08427572250366211
training: 5.7868287563323975
