elapsed: 54.88900089263916
evaluating: 0.07300162315368652
loading: 1.8477106094360352
predicting: 0.05670666694641113
training: 4.491223335266113
