elapsed: 65.41817855834961
evaluating: 5.145530700683594
loading: 1.8477106094360352
predicting: 0.1206505298614502
training: 5.246993064880371
