elapsed: 44.35603880882263
evaluating: 0.5920248031616211
loading: 1.8477106094360352
predicting: 0.06311988830566406
training: 9.747845649719238
