elapsed: 75.88883233070374
evaluating: 4.994714021682739
loading: 1.8477106094360352
predicting: 0.0639028549194336
training: 5.396048545837402
