elapsed: 8639.33058834076
evaluating: 48.25270485877991
loading: 27.5042724609375
predicting: 47.091899156570435
training: 8506.28964138031
