elapsed: 5542.960398674011
evaluating: 23.521288871765137
loading: 20.7216796875
predicting: 39.64340615272522
training: 5448.820516347885
