elapsed: 80.0143551826477
evaluating: 0.06609129905700684
loading: 5.515092849731445
predicting: 0.060067176818847656
training: 13.067952871322632
