elapsed: 46.17837977409363
evaluating: 0.06824207305908203
loading: 5.515092849731445
predicting: 0.060388803482055664
training: 13.96036672592163
