elapsed: 121.31876015663147
evaluating: 0.06500530242919922
loading: 5.515092849731445
predicting: 0.07266068458557129
training: 9.38889741897583
