elapsed: 105.11660313606262
evaluating: 0.11181235313415527
loading: 5.515092849731445
predicting: 0.08057641983032227
training: 9.784901142120361
