elapsed: 32.07153058052063
evaluating: 0.10426902770996094
loading: 5.515092849731445
predicting: 0.09765338897705078
training: 13.629047870635986
