elapsed: 136.1279764175415
evaluating: 0.07674574851989746
loading: 5.515092849731445
predicting: 0.05987811088562012
training: 14.65833330154419
