elapsed: 18.209457874298096
evaluating: 0.07236933708190918
loading: 5.515092849731445
predicting: 0.14678168296813965
training: 12.397855281829834
