elapsed: 66.80601334571838
evaluating: 9.896817445755005
loading: 5.515092849731445
predicting: 0.053734540939331055
training: 10.660615682601929
