elapsed: 111.77958106994629
evaluating: 0.08535003662109375
loading: 5.515092849731445
predicting: 0.0741579532623291
training: 6.489681243896484
