elapsed: 95.12234687805176
evaluating: 0.06631827354431152
loading: 5.515092849731445
predicting: 0.05633139610290527
training: 14.970139741897583
