edges: {25%: 142.0, 50%: 206.0, 75%: 272.0, count: 1200.0, max: 1512.0, mean: 218.3725,
  min: 2.0, std: 145.80605239328062}
nodes: {25%: 34.0, 50%: 50.0, 75%: 68.0, count: 1200.0, max: 534.0, mean: 55.420833333333334,
  min: 1.0, std: 38.378676827131336}
