elapsed: 62.46344971656799
evaluating: 0.06403017044067383
loading: 0.9033060073852539
predicting: 0.05558371543884277
training: 7.037985801696777
