elapsed: 54.91297507286072
evaluating: 1.617445945739746
loading: 0.8758683204650879
predicting: 0.051605224609375
training: 3.568615436553955
