elapsed: 42.77562141418457
evaluating: 0.07007861137390137
loading: 0.8758683204650879
predicting: 0.05513954162597656
training: 5.241384029388428
