elapsed: 37.95899057388306
evaluating: 0.06314539909362793
loading: 0.9033060073852539
predicting: 0.05233120918273926
training: 4.924714088439941
