elapsed: 49.662490367889404
evaluating: 0.057298898696899414
loading: 0.8758683204650879
predicting: 0.05011701583862305
training: 6.767169713973999
