elapsed: 67.09633922576904
evaluating: 0.0574641227722168
loading: 0.8758683204650879
predicting: 0.052178382873535156
training: 4.281559467315674
