elapsed: 22.111844062805176
evaluating: 0.06549668312072754
loading: 0.9033060073852539
predicting: 0.06559371948242188
training: 8.287846565246582
