elapsed: 71.53823184967041
evaluating: 0.06837701797485352
loading: 0.8758683204650879
predicting: 0.059868574142456055
training: 4.301370620727539
