elapsed: 32.90792918205261
evaluating: 0.07309293746948242
loading: 0.9033060073852539
predicting: 0.05640244483947754
training: 4.055907726287842
