elapsed: 28.709699153900146
evaluating: 0.06335043907165527
loading: 0.9033060073852539
predicting: 0.05195045471191406
training: 6.464617013931274
