elapsed: 37.39387512207031
evaluating: 0.06547904014587402
loading: 0.8758683204650879
predicting: 0.0489044189453125
training: 8.07963228225708
