elapsed: 46.19962453842163
evaluating: 0.06555438041687012
loading: 0.9033060073852539
predicting: 0.06220579147338867
training: 8.101433277130127
