elapsed: 62.69095253944397
evaluating: 0.06869173049926758
loading: 0.8758683204650879
predicting: 0.04999089241027832
training: 7.648092985153198
