elapsed: 14.681228637695312
evaluating: 0.062053680419921875
loading: 0.8758683204650879
predicting: 0.11731553077697754
training: 13.57068157196045
