elapsed: 9.779518604278564
evaluating: 0.07265830039978027
loading: 0.9033060073852539
predicting: 0.12462162971496582
training: 8.62021803855896
