elapsed: 13.679390907287598
evaluating: 0.057863712310791016
loading: 0.9033060073852539
predicting: 0.05620718002319336
training: 3.7703301906585693
