elapsed: 24.2899808883667
evaluating: 0.06848907470703125
loading: 0.8758683204650879
predicting: 0.05909013748168945
training: 9.463337182998657
