elapsed: 50.63243865966797
evaluating: 0.07021117210388184
loading: 0.9033060073852539
predicting: 0.05505537986755371
training: 4.290961742401123
