elapsed: 29.18792176246643
evaluating: 0.06649494171142578
loading: 0.8758683204650879
predicting: 0.05381608009338379
training: 4.76166558265686
