elapsed: 55.29458928108215
evaluating: 0.05813741683959961
loading: 0.9033060073852539
predicting: 0.05150890350341797
training: 4.540580749511719
