elapsed: 8320.214678764343
evaluating: 43.40034294128418
loading: 34.06944918632507
predicting: 37.120463609695435
training: 8195.317550897598
