edges: {25%: 44.0, 50%: 68.0, 75%: 96.0, count: 1200.0, max: 712.0, mean: 76.6025,
  min: 0.0, std: 59.84044250518215}
nodes: {25%: 31.0, 50%: 47.0, 75%: 65.0, count: 1200.0, max: 532.0, mean: 52.034166666666664,
  min: 1.0, std: 38.3711474083512}
