elapsed: 11.949763536453247
evaluating: 0.059371232986450195
loading: 1.135303258895874
predicting: 0.05051565170288086
training: 3.3868048191070557
