elapsed: 56.858943939208984
evaluating: 0.0787496566772461
loading: 1.135303258895874
predicting: 0.0714118480682373
training: 3.7873647212982178
