elapsed: 49.653542041778564
evaluating: 4.873584508895874
loading: 1.135303258895874
predicting: 0.04873251914978027
training: 5.464131116867065
