elapsed: 22.058186292648315
evaluating: 0.08819699287414551
loading: 1.135303258895874
predicting: 0.07516670227050781
training: 6.326441526412964
