elapsed: 52.907346963882446
evaluating: 0.05789995193481445
loading: 1.135303258895874
predicting: 0.0503230094909668
training: 3.1342618465423584
