elapsed: 26.77656888961792
evaluating: 0.0653069019317627
loading: 1.135303258895874
predicting: 0.05012679100036621
training: 4.5886030197143555
