elapsed: 39.25168323516846
evaluating: 0.09112381935119629
loading: 1.135303258895874
predicting: 0.07602691650390625
training: 5.535374164581299
