elapsed: 8.438568353652954
evaluating: 0.07124137878417969
loading: 1.135303258895874
predicting: 0.14237523078918457
training: 7.02672004699707
