elapsed: 15.554417610168457
evaluating: 0.058298349380493164
loading: 1.135303258895874
predicting: 0.0487062931060791
training: 3.485750675201416
