elapsed: 33.53096914291382
evaluating: 0.05788683891296387
loading: 1.135303258895874
predicting: 0.04780697822570801
training: 6.636905670166016
