elapsed: 355.43366742134094
evaluating: 1.2420384883880615
loading: 21.63680124282837
predicting: 1.0918798446655273
training: 43.768319845199585
