elapsed: 309.32123708724976
evaluating: 0.8894021511077881
loading: 21.63680124282837
predicting: 0.727651834487915
training: 26.34355902671814
