elapsed: 246.7116458415985
evaluating: 0.8388190269470215
loading: 21.63680124282837
predicting: 0.4951324462890625
training: 32.55208396911621
