elapsed: 212.81532454490662
evaluating: 0.9762921333312988
loading: 21.63680124282837
predicting: 1.161381483078003
training: 28.339375972747803
