elapsed: 389.3957862854004
evaluating: 0.903911828994751
loading: 21.63680124282837
predicting: 0.7535467147827148
training: 32.292884349823
