elapsed: 440.0948417186737
evaluating: 1.2499117851257324
loading: 21.63680124282837
predicting: 1.122288703918457
training: 48.31610298156738
