elapsed: 153.14552187919617
evaluating: 0.6820240020751953
loading: 21.63680124282837
predicting: 0.6884617805480957
training: 130.07080483436584
