elapsed: 474.5290005207062
evaluating: 0.9019148349761963
loading: 21.63680124282837
predicting: 0.7523086071014404
training: 32.76733946800232
