elapsed: 281.3495719432831
evaluating: 0.9620208740234375
loading: 21.63680124282837
predicting: 1.1498205661773682
training: 32.515488386154175
