elapsed: 182.32808589935303
evaluating: 0.7126822471618652
loading: 21.63680124282837
predicting: 0.5493717193603516
training: 27.898014307022095
