elapsed: 58.95310139656067
evaluating: 0.06357526779174805
loading: 0.8476119041442871
predicting: 0.05906081199645996
training: 6.6376283168792725
