elapsed: 20.900027990341187
evaluating: 0.07777523994445801
loading: 3.2632088661193848
predicting: 0.0684959888458252
training: 4.767165660858154
