elapsed: 15.962219715118408
evaluating: 0.07183051109313965
loading: 3.2632088661193848
predicting: 0.1406092643737793
training: 12.414360046386719
