elapsed: 65.87088513374329
evaluating: 0.058870553970336914
loading: 3.2632088661193848
predicting: 0.05230402946472168
training: 5.0122480392456055
