elapsed: 52.181530237197876
evaluating: 0.06988000869750977
loading: 0.8476119041442871
predicting: 0.05241203308105469
training: 4.155542373657227
