elapsed: 25.762948751449585
evaluating: 0.07342338562011719
loading: 0.8476119041442871
predicting: 0.05343508720397949
training: 4.325664281845093
