elapsed: 60.735095500946045
evaluating: 0.07494711875915527
loading: 3.2632088661193848
predicting: 0.06441259384155273
training: 5.701685428619385
