elapsed: 71.47282981872559
evaluating: 0.06825804710388184
loading: 3.2632088661193848
predicting: 0.05655264854431152
training: 5.465471982955933
