elapsed: 25.875689029693604
evaluating: 0.06586432456970215
loading: 3.2632088661193848
predicting: 0.05807662010192871
training: 4.8317952156066895
