elapsed: 33.01181721687317
evaluating: 0.05870771408081055
loading: 3.2632088661193848
predicting: 0.05396318435668945
training: 7.011680603027344
