elapsed: 11.739941358566284
evaluating: 1.8327491283416748
loading: 0.8476119041442871
predicting: 0.12873053550720215
training: 8.873350858688354
