elapsed: 21.29422402381897
evaluating: 0.05969858169555664
loading: 0.8476119041442871
predicting: 0.05483269691467285
training: 9.424888610839844
