elapsed: 54.87092924118042
evaluating: 0.09186005592346191
loading: 3.2632088661193848
predicting: 0.07282900810241699
training: 5.3100526332855225
