elapsed: 42.47105550765991
evaluating: 0.05773568153381348
loading: 0.8476119041442871
predicting: 0.051619529724121094
training: 5.437575817108154
