elapsed: 30.081825017929077
evaluating: 0.06614017486572266
loading: 0.8476119041442871
predicting: 0.05130195617675781
training: 4.18997597694397
