elapsed: 47.88017439842224
evaluating: 0.0714728832244873
loading: 0.8476119041442871
predicting: 0.06033182144165039
training: 5.265058517456055
