elapsed: 36.91077470779419
evaluating: 0.06548380851745605
loading: 0.8476119041442871
predicting: 0.057700395584106445
training: 6.694542407989502
