elapsed: 41.669803857803345
evaluating: 0.10642027854919434
loading: 3.2632088661193848
predicting: 0.11051440238952637
training: 8.425539016723633
