elapsed: 49.38092350959778
evaluating: 0.059355735778808594
loading: 3.2632088661193848
predicting: 0.06408023834228516
training: 7.570256471633911
