elapsed: 74.39628458023071
evaluating: 0.06896734237670898
loading: 0.8476119041442871
predicting: 0.05730605125427246
training: 15.301629543304443
