elapsed: 8.261679887771606
evaluating: 0.06630182266235352
loading: 0.48458147048950195
predicting: 0.048749446868896484
training: 2.3558766841888428
