elapsed: 33.760838747024536
evaluating: 0.06716680526733398
loading: 0.48458147048950195
predicting: 0.05014634132385254
training: 4.374687194824219
