elapsed: 5.780258655548096
evaluating: 0.06325960159301758
loading: 0.48458147048950195
predicting: 0.24034714698791504
training: 4.9379613399505615
