elapsed: 17.455976486206055
evaluating: 0.06424760818481445
loading: 0.48458147048950195
predicting: 0.04816770553588867
training: 4.094059705734253
