elapsed: 10.74875545501709
evaluating: 0.06507229804992676
loading: 0.48458147048950195
predicting: 0.04814553260803223
training: 2.3637399673461914
