elapsed: 29.256023168563843
evaluating: 0.10422253608703613
loading: 0.48458147048950195
predicting: 0.04745054244995117
training: 4.553445100784302
