elapsed: 21.597012281417847
evaluating: 0.06247687339782715
loading: 0.48458147048950195
predicting: 0.0535891056060791
training: 4.012795686721802
