elapsed: 13.239501237869263
evaluating: 0.06861376762390137
loading: 0.48458147048950195
predicting: 0.04865860939025879
training: 2.363232135772705
