elapsed: 24.54031252861023
evaluating: 0.06294107437133789
loading: 0.48458147048950195
predicting: 0.04792380332946777
training: 2.820470094680786
