elapsed: 37.02643918991089
evaluating: 0.06422996520996094
loading: 0.48458147048950195
predicting: 0.047618865966796875
training: 3.141672372817993
