elapsed: 14008.048332214355
evaluating: 32.01748442649841
loading: 0.6083526611328125
predicting: 59.11552381515503
training: 13905.34169101715
