edges: {25%: 911.0, 50%: 1043.0, 75%: 1318.0, count: 1200.0, max: 9663.0, mean: 1239.9491666666668,
  min: 668.0, std: 673.1082333677815}
nodes: {25%: 363.0, 50%: 416.5, 75%: 525.0, count: 1200.0, max: 3500.0, mean: 490.9191666666667,
  min: 326.0, std: 255.3022136923921}
