edges: {25%: 1330.75, 50%: 1525.5, 75%: 1925.0, count: 1200.0, max: 13161.0, mean: 1804.0058333333334,
  min: 1118.0, std: 951.7110235568389}
nodes: {25%: 406.0, 50%: 465.5, 75%: 578.25, count: 1200.0, max: 3851.0, mean: 542.9533333333334,
  min: 331.0, std: 275.3929384491887}
