elapsed: 47.796252965927124
evaluating: 0.6295912265777588
loading: 9.9709951877594
predicting: 0.7334165573120117
training: 36.125431299209595
