elapsed: 147.40437054634094
evaluating: 0.6049151420593262
loading: 9.9709951877594
predicting: 0.5679497718811035
training: 18.374417304992676
