elapsed: 241.70427465438843
evaluating: 0.6280815601348877
loading: 9.9709951877594
predicting: 0.5651390552520752
training: 25.53930377960205
