elapsed: 180.8497986793518
evaluating: 0.6242547035217285
loading: 9.9709951877594
predicting: 0.5650770664215088
training: 16.018256187438965
