elapsed: 127.82954168319702
evaluating: 0.64595627784729
loading: 9.9709951877594
predicting: 0.5687515735626221
training: 35.044816970825195
