elapsed: 197.50886416435242
evaluating: 0.635786771774292
loading: 9.9709951877594
predicting: 0.5686414241790771
training: 15.442694187164307
