elapsed: 265.24899220466614
evaluating: 0.6497197151184082
loading: 9.9709951877594
predicting: 0.5720181465148926
training: 22.309571743011475
