elapsed: 214.9474802017212
evaluating: 0.6072068214416504
loading: 9.9709951877594
predicting: 0.5648207664489746
training: 16.254894018173218
