elapsed: 91.52746105194092
evaluating: 0.6194412708282471
loading: 9.9709951877594
predicting: 0.5591456890106201
training: 42.51149082183838
