elapsed: 163.60922980308533
evaluating: 0.7822391986846924
loading: 9.9709951877594
predicting: 0.5772836208343506
training: 14.826295375823975
