elapsed: 61.68615508079529
evaluating: 0.07462310791015625
loading: 0.8734159469604492
predicting: 0.07071256637573242
training: 3.7317583560943604
