elapsed: 46.62119197845459
evaluating: 0.06766319274902344
loading: 0.8734159469604492
predicting: 0.08171701431274414
training: 11.00812816619873
