elapsed: 79.44804692268372
evaluating: 0.06644725799560547
loading: 0.8734159469604492
predicting: 0.05824422836303711
training: 4.757182598114014
