elapsed: 74.55032253265381
evaluating: 0.07758378982543945
loading: 0.8734159469604492
predicting: 0.09563541412353516
training: 6.773635149002075
