elapsed: 10.329711675643921
evaluating: 0.06687378883361816
loading: 0.8734159469604492
predicting: 0.11763572692871094
training: 9.214667320251465
