elapsed: 52.095595836639404
evaluating: 0.07132482528686523
loading: 0.8734159469604492
predicting: 0.05498814582824707
training: 5.3314056396484375
