elapsed: 15.06512451171875
evaluating: 0.07545161247253418
loading: 0.8734159469604492
predicting: 0.05707216262817383
training: 4.584036827087402
