elapsed: 57.78223538398743
evaluating: 0.062253475189208984
loading: 0.8734159469604492
predicting: 0.0559382438659668
training: 5.539268732070923
