elapsed: 35.44063758850098
evaluating: 0.06901359558105469
loading: 0.8734159469604492
predicting: 0.059180498123168945
training: 20.23596692085266
