elapsed: 67.59125638008118
evaluating: 0.06431007385253906
loading: 0.8734159469604492
predicting: 0.05512499809265137
training: 5.774747133255005
