elapsed: 14.634869575500488
evaluating: 0.07308220863342285
loading: 0.919196605682373
predicting: 0.0652775764465332
training: 4.123601198196411
