elapsed: 10.357431888580322
evaluating: 0.06925511360168457
loading: 0.919196605682373
predicting: 0.1427614688873291
training: 9.168108940124512
