elapsed: 52.3798291683197
evaluating: 0.06772637367248535
loading: 0.919196605682373
predicting: 0.06984424591064453
training: 4.326118230819702
