elapsed: 68.96327900886536
evaluating: 0.07378673553466797
loading: 0.919196605682373
predicting: 0.0597996711730957
training: 9.460986852645874
