elapsed: 26.682116270065308
evaluating: 0.06605052947998047
loading: 0.919196605682373
predicting: 0.06009793281555176
training: 5.843563079833984
