elapsed: 20.696770429611206
evaluating: 0.07663226127624512
loading: 0.919196605682373
predicting: 0.05551743507385254
training: 5.918172836303711
