elapsed: 47.901477098464966
evaluating: 0.07058978080749512
loading: 0.919196605682373
predicting: 0.05784893035888672
training: 5.9898388385772705
