elapsed: 41.76968550682068
evaluating: 0.0688028335571289
loading: 0.919196605682373
predicting: 0.059618473052978516
training: 5.8365797996521
