elapsed: 35.79041624069214
evaluating: 0.07090330123901367
loading: 0.919196605682373
predicting: 0.059212684631347656
training: 8.963639497756958
