elapsed: 59.35535287857056
evaluating: 0.06815242767333984
loading: 0.919196605682373
predicting: 0.07355809211730957
training: 6.822052717208862
