elapsed: 44.995524168014526
evaluating: 0.06569385528564453
loading: 1.7707972526550293
predicting: 0.062345027923583984
training: 4.562883138656616
