elapsed: 35.585307359695435
evaluating: 0.0912473201751709
loading: 1.7707972526550293
predicting: 0.07248282432556152
training: 8.102411985397339
