elapsed: 62.29168200492859
evaluating: 0.0677483081817627
loading: 1.7707972526550293
predicting: 0.05535459518432617
training: 4.964442253112793
