elapsed: 52.219353675842285
evaluating: 0.07840538024902344
loading: 1.7707972526550293
predicting: 0.05571413040161133
training: 7.078350067138672
