elapsed: 40.29367518424988
evaluating: 0.061884164810180664
loading: 1.7707972526550293
predicting: 0.05606245994567871
training: 4.5751636028289795
