elapsed: 67.14670085906982
evaluating: 0.08629631996154785
loading: 1.7707972526550293
predicting: 0.08947420120239258
training: 4.667543649673462
