elapsed: 23.074675798416138
evaluating: 2.326270341873169
loading: 1.7707972526550293
predicting: 0.13209795951843262
training: 18.787843227386475
