elapsed: 57.190160274505615
evaluating: 0.11708831787109375
loading: 1.7707972526550293
predicting: 0.11546063423156738
training: 4.72176718711853
