elapsed: 27.30431294441223
evaluating: 0.07841897010803223
loading: 1.7707972526550293
predicting: 0.05704665184020996
training: 4.07314920425415
