elapsed: 71.12346124649048
evaluating: 0.06935429573059082
loading: 1.7707972526550293
predicting: 0.05674004554748535
training: 3.8396875858306885
