elapsed: 28.17159938812256
evaluating: 0.06145501136779785
loading: 0.5114920139312744
predicting: 0.05540966987609863
training: 6.459776163101196
