elapsed: 6.467671155929565
evaluating: 0.18735146522521973
loading: 0.5114920139312744
predicting: 0.1177225112915039
training: 5.595699787139893
