elapsed: 12.312854290008545
evaluating: 0.06295037269592285
loading: 0.5114920139312744
predicting: 0.04646563529968262
training: 3.237589120864868
