elapsed: 16.51337957382202
evaluating: 0.07038688659667969
loading: 0.5114920139312744
predicting: 0.04860854148864746
training: 4.070086717605591
