elapsed: 40.64129400253296
evaluating: 0.06554293632507324
loading: 0.5114920139312744
predicting: 0.04776144027709961
training: 2.718255043029785
