elapsed: 21.582031726837158
evaluating: 0.06514906883239746
loading: 0.5114920139312744
predicting: 0.04723930358886719
training: 4.944480657577515
