elapsed: 46.073193311691284
evaluating: 0.06444764137268066
loading: 0.5114920139312744
predicting: 0.048348188400268555
training: 5.308910131454468
