elapsed: 8.95586371421814
evaluating: 0.06744670867919922
loading: 0.5114920139312744
predicting: 0.046892642974853516
training: 2.362619400024414
