elapsed: 34.0171537399292
evaluating: 0.06801462173461914
loading: 0.5114920139312744
predicting: 0.04931068420410156
training: 5.713668346405029
