elapsed: 37.79878544807434
evaluating: 0.06437420845031738
loading: 0.5114920139312744
predicting: 0.04841423034667969
training: 3.655181646347046
