elapsed: 44.15184569358826
evaluating: 0.07813811302185059
loading: 2.8566083908081055
predicting: 0.08833980560302734
training: 7.361776828765869
