elapsed: 55.86035871505737
evaluating: 0.06624770164489746
loading: 2.8566083908081055
predicting: 0.05870795249938965
training: 3.933213233947754
