elapsed: 32.30773210525513
evaluating: 0.06297636032104492
loading: 2.8566083908081055
predicting: 0.057260990142822266
training: 4.571889638900757
