elapsed: 66.26633763313293
evaluating: 5.072282552719116
loading: 2.8566083908081055
predicting: 0.06348299980163574
training: 5.256007671356201
