elapsed: 71.57576155662537
evaluating: 0.5586678981781006
loading: 2.8566083908081055
predicting: 0.06700253486633301
training: 4.668691873550415
