elapsed: 51.78871726989746
evaluating: 0.07234621047973633
loading: 2.8566083908081055
predicting: 0.0582127571105957
training: 7.493279218673706
