elapsed: 13.25437879562378
evaluating: 0.0935828685760498
loading: 2.8566083908081055
predicting: 0.1499161720275879
training: 10.054958820343018
