elapsed: 22.240139961242676
evaluating: 0.07117962837219238
loading: 2.8566083908081055
predicting: 0.05991768836975098
training: 8.819389343261719
