elapsed: 36.61187410354614
evaluating: 0.0670006275177002
loading: 2.8566083908081055
predicting: 0.0571894645690918
training: 4.168442487716675
