elapsed: 27.601909637451172
evaluating: 0.4460604190826416
loading: 2.8566083908081055
predicting: 0.10755658149719238
training: 4.791649103164673
