elapsed: 25.05432963371277
evaluating: 0.06086111068725586
loading: 0.9848895072937012
predicting: 0.051900625228881836
training: 3.619711399078369
