elapsed: 21.309959173202515
evaluating: 0.06029558181762695
loading: 0.9848895072937012
predicting: 0.042600154876708984
training: 3.054194688796997
