elapsed: 12.408770084381104
evaluating: 0.05477023124694824
loading: 0.9848895072937012
predicting: 0.04221653938293457
training: 1.9290714263916016
