elapsed: 27.401418209075928
evaluating: 0.0615382194519043
loading: 0.9848895072937012
predicting: 0.04212379455566406
training: 2.2311582565307617
