elapsed: 7.927275896072388
evaluating: 0.05152606964111328
loading: 0.9848895072937012
predicting: 0.04126238822937012
training: 3.938368797302246
