elapsed: 3.8855180740356445
evaluating: 0.05765533447265625
loading: 0.9848895072937012
predicting: 0.10933995246887207
training: 2.650987148284912
