elapsed: 14.484720468521118
evaluating: 0.0616145133972168
loading: 0.9848895072937012
predicting: 0.04250288009643555
training: 1.9616448879241943
