elapsed: 32.092060565948486
evaluating: 0.0592803955078125
loading: 0.9848895072937012
predicting: 0.04408860206604004
training: 4.576795816421509
