elapsed: 18.140059232711792
evaluating: 0.0642693042755127
loading: 0.9848895072937012
predicting: 0.048195838928222656
training: 3.531052827835083
