elapsed: 10.371790409088135
evaluating: 0.054358482360839844
loading: 0.9848895072937012
predicting: 0.042594194412231445
training: 2.3344368934631348
