elapsed: 15.574580669403076
evaluating: 0.0530092716217041
loading: 3.2150697708129883
predicting: 0.041681766510009766
training: 2.9963700771331787
