elapsed: 25.277596473693848
evaluating: 0.05832362174987793
loading: 3.2150697708129883
predicting: 0.04977154731750488
training: 2.8929696083068848
