elapsed: 33.47445869445801
evaluating: 0.05618882179260254
loading: 3.2150697708129883
predicting: 0.058843135833740234
training: 5.899492263793945
