elapsed: 22.264981746673584
evaluating: 0.0520169734954834
loading: 3.2150697708129883
predicting: 0.04463553428649902
training: 2.938465118408203
