elapsed: 6.038812637329102
evaluating: 0.05556154251098633
loading: 3.2150697708129883
predicting: 0.1090402603149414
training: 2.603414297103882
