elapsed: 40.1402907371521
evaluating: 0.05263924598693848
loading: 3.2150697708129883
predicting: 0.04567265510559082
training: 2.80495548248291
