elapsed: 27.449581623077393
evaluating: 0.05463266372680664
loading: 3.2150697708129883
predicting: 0.04229450225830078
training: 2.0639686584472656
