elapsed: 37.22499179840088
evaluating: 0.05621767044067383
loading: 3.2150697708129883
predicting: 0.04256033897399902
training: 3.636747121810913
