elapsed: 12.466537714004517
evaluating: 0.05174517631530762
loading: 3.2150697708129883
predicting: 0.044562339782714844
training: 6.321418046951294
