elapsed: 19.21755814552307
evaluating: 0.06331443786621094
loading: 3.2150697708129883
predicting: 0.04893684387207031
training: 3.5192103385925293
