elapsed: 373.0704789161682
evaluating: 3.393850088119507
loading: 56.72131633758545
predicting: 5.485851526260376
training: 307.0501778125763
