elapsed: 56.80205726623535
evaluating: 0.07013940811157227
loading: 0.8444294929504395
predicting: 0.059966325759887695
training: 3.9712443351745605
