elapsed: 48.527867555618286
evaluating: 0.07257437705993652
loading: 0.8444294929504395
predicting: 0.06427407264709473
training: 3.9387669563293457
