elapsed: 52.68925929069519
evaluating: 0.07122588157653809
loading: 0.8444294929504395
predicting: 0.05570816993713379
training: 4.022231340408325
