elapsed: 11.886134147644043
evaluating: 0.8981268405914307
loading: 0.8444294929504395
predicting: 0.12287425994873047
training: 9.961917400360107
