elapsed: 22.323744297027588
evaluating: 4.080566167831421
loading: 0.8444294929504395
predicting: 0.06952691078186035
training: 6.270792245864868
