elapsed: 44.44015622138977
evaluating: 0.06353402137756348
loading: 0.8444294929504395
predicting: 0.053479671478271484
training: 5.506744146347046
