elapsed: 60.89239239692688
evaluating: 0.06928610801696777
loading: 0.8444294929504395
predicting: 0.07403683662414551
training: 3.9363088607788086
