elapsed: 29.31732487678528
evaluating: 0.06698918342590332
loading: 0.8444294929504395
predicting: 0.09239530563354492
training: 6.821876287460327
