elapsed: 34.016995906829834
evaluating: 0.06244063377380371
loading: 0.8444294929504395
predicting: 0.05272483825683594
training: 4.569565773010254
