elapsed: 38.80521535873413
evaluating: 0.06668496131896973
loading: 0.8444294929504395
predicting: 0.06321597099304199
training: 4.646902561187744
