elapsed: 3606.5399532318115
evaluating: 41.306546688079834
loading: 28.66570782661438
predicting: 40.49165153503418
training: 3486.0794563293457
