elapsed: 77.86712455749512
evaluating: 0.06623268127441406
loading: 0.8481216430664062
predicting: 0.05534052848815918
training: 6.073988199234009
