elapsed: 71.6447012424469
evaluating: 0.07120656967163086
loading: 0.8481216430664062
predicting: 0.07284021377563477
training: 22.05774426460266
