elapsed: 92.04532885551453
evaluating: 0.07349252700805664
loading: 0.8481216430664062
predicting: 0.05898165702819824
training: 4.9749391078948975
