elapsed: 114.86065578460693
evaluating: 0.07812213897705078
loading: 0.8481216430664062
predicting: 0.059708595275878906
training: 4.3003082275390625
