elapsed: 49.41974234580994
evaluating: 0.07064032554626465
loading: 0.8481216430664062
predicting: 0.05655860900878906
training: 13.16229796409607
