elapsed: 110.40081596374512
evaluating: 0.07649016380310059
loading: 0.8481216430664062
predicting: 0.0563654899597168
training: 18.210367441177368
