elapsed: 36.11404037475586
evaluating: 0.07778787612915039
loading: 0.8481216430664062
predicting: 0.05801081657409668
training: 8.659259557723999
