elapsed: 17.65026021003723
evaluating: 0.08231687545776367
loading: 0.8481216430664062
predicting: 0.12057137489318848
training: 16.543378114700317
