elapsed: 86.92407965660095
evaluating: 0.07331371307373047
loading: 0.8481216430664062
predicting: 0.05790829658508301
training: 8.913617134094238
