elapsed: 27.303831815719604
evaluating: 0.07606911659240723
loading: 0.8481216430664062
predicting: 0.057979583740234375
training: 9.497581005096436
