elapsed: 25.697757959365845
evaluating: 0.057979583740234375
loading: 0.6498100757598877
predicting: 0.04840421676635742
training: 2.7726895809173584
