elapsed: 18.333290100097656
evaluating: 2.048187494277954
loading: 0.6498100757598877
predicting: 0.05698108673095703
training: 3.159750461578369
