elapsed: 41.72790026664734
evaluating: 0.05874323844909668
loading: 0.6498100757598877
predicting: 0.04854941368103027
training: 7.076471328735352
