elapsed: 29.390247344970703
evaluating: 0.08123993873596191
loading: 0.6498100757598877
predicting: 0.04973793029785156
training: 3.550821542739868
