elapsed: 22.806641101837158
evaluating: 0.05826902389526367
loading: 0.6498100757598877
predicting: 0.05499911308288574
training: 4.349246025085449
