elapsed: 5.21064019203186
evaluating: 0.05782294273376465
loading: 0.6498100757598877
predicting: 0.14119291305541992
training: 4.305251598358154
