elapsed: 13.056172847747803
evaluating: 0.0591731071472168
loading: 0.6498100757598877
predicting: 0.048451900482177734
training: 3.8138909339904785
