elapsed: 45.12061285972595
evaluating: 0.07150650024414062
loading: 0.6498100757598877
predicting: 0.05422019958496094
training: 3.244168519973755
