elapsed: 9.122527599334717
evaluating: 0.06311464309692383
loading: 0.6498100757598877
predicting: 0.056101083755493164
training: 3.779883861541748
