elapsed: 34.5314302444458
evaluating: 0.06179189682006836
loading: 0.6498100757598877
predicting: 0.05328774452209473
training: 5.014580965042114
