elapsed: 235.24726605415344
evaluating: 37.263511419296265
loading: 27.45062494277954
predicting: 1.6536684036254883
training: 108.97328352928162
