elapsed: 87.28750705718994
evaluating: 1.0428807735443115
loading: 27.45062494277954
predicting: 1.3516297340393066
training: 57.16218662261963
